	Monocytes	Unknown	CD4Tcells	Bcells	NK	CD8Tcells
pbmc_1	0.5074933	0.04823639	0.22931045	0.021857938	0.1256573	0.43244898
pbmc_10	0.5780262	0.05230793	0.23471111	0.031961914	0.104975104	0.42745206
pbmc_12_merged_1.fastq	0.54360384	0.024472697	0.16507386	0.006619225	0.15797414	0.46199688
pbmc_2_merged_1.fastq	0.5259133	0.03866336	0.27323183	0.007813047	0.1396074	0.43584824
pbmc_4	0.5749586	-0.02368097	0.21208918	0.11209252	0.16382632	0.50999075
pbmc_5_merged_1.fastq	0.6705894	0.006917966	0.08019403	0.087266475	0.17602636	0.5129759
pbmc_6_merged_1.fastq	0.5446103	0.0722376	0.18510695	-0.002676174	0.15073575	0.37926432
pbmc_7_merged_1.fastq	0.5702483	0.028438717	0.14122371	0.01991626	0.17407303	0.49777877
pbmc_9_merged_1.fastq	0.5993946	0.04755172	0.15973969	-0.009029136	0.16315846	0.3957756
