	Monocytes	Unknown	CD4Tcells	Bcells	NK	CD8Tcells
X2_D0	0.40071607	0.066703714	0.17775491	0.0	0.17887966	0.1759457
X4_D0	0.36455652	0.025797741	0.050523795	0.0	0.300777	0.25834498
X5_D0	0.5516389	0.013618663	0.17936747	0.0	0.17420803	0.081166916
X6_D0	0.49805343	0.04023132	0.106770016	0.0	0.17448086	0.18046437
X8_D0	0.34863105	0.05028294	0.2560342	0.029461665	0.16123913	0.15435106
X10_D0	0.3791266	0.049008947	0.25290614	0.040024314	0.16029945	0.1186345
X11_D0	0.4061978	0.05912655	0.25678056	0.0053773406	0.12817995	0.14433783
X12_D0	0.44164398	0.06225509	0.14647847	0.0	0.15726875	0.19235364
X13_D0	0.51019794	0.09176142	0.29479092	0.0	0.1032497	0.0
X14_D0	0.379677	0.093393125	0.21597467	0.0	0.17487174	0.13608348
X15_D0	0.43806118	0.03329483	0.2434003	0.02814628	0.15728849	0.099808946
X19_D0	0.52804816	0.06211854	0.003636591	0.0	0.2863228	0.11987392
X20_D0	0.40019548	0.030929262	0.21751724	0.0	0.1873365	0.16402157
X23_D0	0.36693156	0.063486785	0.23225358	0.0	0.14586784	0.1914603
X24_D0	0.40870178	0.050973367	0.45453802	0.017967042	0.051285658	0.016534166
X27_D0	0.5554825	0.0005932415	0.11375727	0.0	0.16543138	0.16473566
X29_D0	0.48613054	0.06805431	0.11896549	0.0	0.16423374	0.16261597
X31_D0	0.31941822	0.04986356	0.21298684	0.0	0.18062583	0.23710547
X32_D0	0.37097856	0.087712996	0.23429969	0.01145333	0.15358095	0.14197445
X33_D0	0.39245716	0.079738624	0.08778342	0.0	0.24306329	0.19695753
X35_D0	0.36128637	0.0550995	0.124952875	0.0	0.24119948	0.21746182
X36_D0	0.550343	0.034186438	0.21108244	0.0	0.14689863	0.057489533
X38_D0	0.3729367	0.06985369	0.16759838	0.0029786164	0.19932698	0.18730569
X39_D0	0.5013203	0.054227207	0.18299198	0.0	0.1697518	0.0917088
X40_D0	0.38914308	0.037638962	0.26790237	0.0	0.1511409	0.15417469
X42_D0	0.40202662	0.043900214	0.14810894	0.0	0.21024998	0.19571427
X44_D0	0.5116607	0.08961067	0.10909389	0.0	0.21983778	0.06979701
X45_D0	0.54013664	0.056290995	0.09380845	0.0	0.176533	0.13323094
X46_D0	0.49392676	0.037427638	0.09386567	0.0	0.22688629	0.14789364
X48_D0	0.44725278	0.049431656	0.1959802	0.0	0.22101058	0.08632476
X49_D0	0.5034179	0.007493335	0.047004722	0.0	0.25173187	0.1903522
X50_D0	0.44346637	0.048825987	0.27586815	0.0	0.09736901	0.13447042
X51_D0	0.38986212	0.04343931	0.3119075	0.00069363636	0.08225605	0.17184144
X52_D0	0.3941805	0.04123951	0.3120492	0.012030902	0.09594463	0.14455524
X53_D0	0.40022868	0.03256067	0.30750492	0.0015531641	0.061072648	0.1970799
X54_D0	0.34673995	0.03868303	0.2926151	0.023979228	0.07247748	0.22550523
X55_D0	0.4244706	0.078006476	0.2524147	0.018267702	0.112218566	0.11462186
X56_D0	0.45186996	0.048195805	0.19277455	0.0	0.17294936	0.13421033
X57_D0	0.38542908	0.058774803	0.25576186	0.0	0.1186062	0.18142807
X58_D0	0.57220834	0.02005554	0.18517551	0.0	0.09887045	0.12369014
X59_D0	0.3956011	0.06932692	0.15829542	0.0	0.20754278	0.16923386
X60_D0	0.3375049	0.03537149	0.26636842	0.0	0.14374025	0.21701495
X62_D0	0.33926383	0.06919185	0.1875629	0.0	0.20804575	0.19593565
X63_D0	0.5064248	0.04600681	0.17031053	0.0	0.1751217	0.10213624
X64_D0	0.47975048	0.055499703	0.18125044	0.0	0.15792288	0.12557645
X67_D0	0.43746543	0.062246874	0.18238448	0.0	0.18842593	0.12947737
X68_D0	0.5396285	0.09474734	0.1653361	0.0	0.1169338	0.08335424
X69_D0	0.31258854	0.053887405	0.29722032	0.00442748	0.12265993	0.2092163
X70_D0	0.5071684	0.09634666	0.24353401	0.0	0.1023016	0.05064933
X71_D0	0.4362601	0.05630577	0.20460396	0.0	0.15907256	0.14375761
X73_D0	0.40149015	0.08334279	0.25797307	0.0	0.08828611	0.16890785
X74_D0	0.4451419	0.053780638	0.2706454	0.0	0.11473796	0.11569399
X75_D0	0.44637808	0.08339885	0.23581009	0.0	0.09961704	0.1347959
X76_D0	0.33737364	0.025137085	0.21475895	0.0	0.13650419	0.28622618
X77_D0	0.4591257	0.08976394	0.18952316	0.0	0.1400158	0.1215714
X78_D0	0.60655636	0.08381389	0.13779052	0.0	0.11554265	0.056296546
X79_D0	0.45687735	0.09145142	0.24934845	0.0	0.13786922	0.06445363
X80_D0	0.37061387	0.05246628	0.2986814	0.0	0.11370657	0.16453189
X81_D0	0.37227026	0.06183298	0.328957	0.0	0.06447248	0.17246725
X83_D0	0.35090855	0.07405176	0.3107156	0.0	0.08679937	0.17752475
X84_D0	0.4574183	0.07430548	0.19339466	0.041050587	0.13864686	0.09518406
X85_D0	0.44271573	0.05312876	0.22710167	0.0	0.14541546	0.13163841
X86_D0	0.31653208	0.07864045	0.2871387	0.02111816	0.15583313	0.14073746
X87_D0	0.4526214	0.10059943	0.11585717	0.0	0.19846272	0.13245933
X90_D0	0.54403275	0.05759058	0.1473939	0.0	0.18286037	0.06812237
X91_D0	0.5127042	0.06138549	0.24979769	0.0	0.15012385	0.025988808
X92_D0	0.5149215	0.06555712	0.14611126	0.0	0.17627865	0.09713147
X93_D0	0.44860622	0.104537815	0.2086303	0.0	0.16375667	0.07446896
X94_D0	0.52267194	0.05439952	0.200096	0.01396475	0.15038687	0.05848097
X95_D0	0.18680263	0.10103712	0.08019559	0.0	0.2843625	0.3476021
X96_D0	0.46421975	0.03016983	0.15095717	0.0	0.24744172	0.10721158
X99_D0	0.50572747	0.02480981	0.13577041	0.0	0.18770142	0.14599097
X100_D0	0.39914006	0.06282901	0.12427416	0.0	0.22739314	0.1863637
X102_D0	0.4515279	0.06506427	0.11434948	0.0	0.19910538	0.1699531
X104_D0	0.5690859	0.034761254	0.082161844	0.0	0.16629362	0.14769731
X105_D0	0.5197631	0.062013015	0.1623752	0.0	0.18172769	0.07412098
X107_D0	0.4837407	0.061930425	0.18842497	0.0	0.15486395	0.11104002
X108_D0	0.3709812	0.076386765	0.2523366	0.0013292367	0.13419214	0.16477408
X116_D0	0.5366062	0.048167642	0.15686569	0.0	0.18551002	0.07285043
X118_D0	0.4364903	0.044417206	0.17411682	0.0	0.1765154	0.16846026
X119_D0	0.43183938	0.06266201	0.20539308	0.0	0.18654446	0.11356111
X122_D0	0.53278476	0.05351783	0.09166366	0.0	0.20031625	0.12171748
X123_D0	0.5967495	0.032390174	0.103892565	0.0	0.14965305	0.11731464
X124_D0	0.34446886	0.06266065	0.21058789	0.003335761	0.18391342	0.19503337
X125_D0	0.5299499	0.061274342	0.13338634	0.0	0.1615009	0.11388847
X126_D0	0.47318694	0.054618463	0.05653986	0.0	0.19557719	0.22007759
X128_D0	0.6261298	0.029627822	0.19770291	0.0	0.123714246	0.022825208
X129_D0	0.495359	0.043428205	0.21277231	0.0	0.16312622	0.08531424
X132_D0	0.43673497	0.046245523	0.16768245	0.0	0.19464338	0.15469368
X135_D0	0.3681665	0.08420593	0.24759595	0.0	0.15208311	0.1479485
X136_D0	0.39711583	0.0880301	0.19900341	0.0	0.18092537	0.13492525
X137_D0	0.5260233	0.036794517	0.18700278	0.0	0.12429661	0.1258828
X138_D0	0.5933216	0.026117897	0.2088977	0.0	0.08860279	0.08305998
X139_D0	0.37303922	0.07071841	0.26042065	0.0	0.14855218	0.14726958
X142_D0	0.41912472	0.07510217	0.20980427	0.0	0.17042124	0.1255476
X143_D0	0.41221228	0.049535513	0.22466336	0.0	0.15389201	0.15969689
X144_D0	0.47497705	0.049104452	0.17760006	0.010425944	0.1482199	0.13967258
X145_D0	0.6247901	0.026988992	0.09725483	0.0	0.18754004	0.06342609
X146_D0	0.3927427	0.083231606	0.16524132	0.0	0.18090072	0.17788367
X147_D0	0.5019105	0.07217934	0.20742917	0.0	0.12926385	0.08921715
X149_D0	0.38110888	0.06780299	0.15399614	0.0	0.21731879	0.17977321
X150_D0	0.40390417	0.06486823	0.19157541	0.0	0.20633069	0.1333215
X152_D0	0.4919071	0.0071610357	0.16082855	0.0	0.2019207	0.1381826
X153_D0	0.5350267	0.025563007	0.23461942	0.0	0.13643232	0.06835857
X154_D0	0.5448349	0.02720318	0.11034235	0.0	0.15175083	0.16586874
X155_D0	0.5407099	0.044314153	0.110468954	0.0	0.19826172	0.10624527
X160_D0	0.441794	0.03442389	0.15920325	0.0	0.2054505	0.1591284
X161_D0	0.44829214	0.037657827	0.2567174	0.0	0.13118501	0.12614766
X165_D0	0.55172324	0.025105154	0.10738029	0.0	0.2034781	0.11231325
X167_D0	0.4345038	0.034132093	0.35972264	0.0	0.10955626	0.062085222
X168_D0	0.51716447	0.026384091	0.22510344	0.0	0.1329384	0.09840965
X169_D0	0.47779346	0.08942349	0.146584	0.0	0.16903508	0.11716406
X170_D0	0.39256614	0.034895368	0.103422575	0.0	0.20994772	0.25916818
X171_D0	0.572004	0.03771211	0.13257895	0.0	0.18402345	0.07368136
X172_D0	0.5011402	0.01509218	0.14230894	0.0	0.16062978	0.18082894
X173_D0	0.45680276	0.011464415	0.29550397	0.0	0.09621649	0.14001238
X174_D0	0.4380725	0.061538704	0.28824928	0.0	0.1272315	0.08490802
X175_D0	0.3589337	0.034860797	0.2262986	0.0	0.21230587	0.16760103
X179_D0	0.5009234	0.038241234	0.091977775	0.0	0.22101183	0.14784576
X181_D0	0.4016867	0.026395837	0.22391522	0.0	0.16767314	0.18032905
X182_D0	0.43362164	0.048867192	0.21648504	0.0	0.20528907	0.09573708
X183_D0	0.40630752	0.08185383	0.17994954	0.0	0.20525192	0.12663718
X184_D0	0.49931434	0.030503485	0.14649889	0.0	0.17373699	0.14994627
X186_D0	0.44681594	0.031999875	0.048487984	0.0	0.30935585	0.16334039
X187_D0	0.35034958	0.056234162	0.13406792	0.0	0.22782886	0.23151946
X189_D0	0.47437403	0.037045874	0.2363235	0.019860689	0.15710975	0.07528614
X190_D0	0.3652398	0.0719091	0.17522497	0.0	0.18541819	0.20220797
X191_D0	0.46873346	0.050455146	0.27180105	0.0	0.15437797	0.05463236
X194_D0	0.44686964	0.06678967	0.14460512	0.0	0.17834032	0.16339532
X195_D0	0.47749314	0.069814175	0.23647481	0.0	0.12635256	0.08986523
X196_D0	0.35570666	0.035296254	0.15671661	0.0	0.1894878	0.26279268
X197_D0	0.44912747	0.054937568	0.23204578	0.0	0.13726203	0.12662713
X199_D0	0.41859305	0.08050366	0.260922	0.0	0.13429171	0.10568966
X200_D0	0.35786483	0.067994066	0.22756171	0.0	0.18228962	0.16428982
X201_D0	0.33539852	0.05729626	0.22071852	0.012996902	0.17309873	0.20049112
X202_D0	0.44811794	0.074613184	0.20446253	0.0	0.16350715	0.10929915
X203_D0	0.32469922	0.06222743	0.14996223	0.0	0.20583768	0.25727347
X204_D0	0.38139203	0.040042736	0.15520154	0.0	0.2045868	0.21877685
X205_D0	0.53261876	0.03233363	0.21638004	0.0	0.14581697	0.07285064
X206_D0	0.4207057	0.04059256	0.31003803	0.0	0.13970056	0.088963136
X208_D0	0.4058967	0.07193667	0.18404888	0.0	0.20453554	0.13358228
X209_D0	0.4698192	0.046718266	0.0	0.0	0.21602692	0.26743567
X210_D0	0.47949868	0.021097379	0.25233644	0.0	0.16308919	0.08397832
X213_D0	0.5018718	0.058554314	0.2545013	0.0	0.11553886	0.06953367
X214_D0	0.4603875	0.04578989	0.006602517	0.0	0.25044394	0.23677628
X215_D0	0.4871352	0.029249128	0.1750886	0.0	0.1443115	0.16421562
X217_D0	0.44541475	0.044740696	0.09891266	0.0	0.24243864	0.16849333
X218_D0	0.39837497	0.027213609	0.12340126	0.0	0.1904647	0.26054543
X219_D0	0.43124667	0.024258867	0.16699457	0.0	0.20738088	0.17011908
X222_D0	0.4387026	0.040942896	0.20942555	0.0	0.21029973	0.10062918
X223_D0	0.4056497	0.029163532	0.0	0.0	0.22747491	0.33771184
X225_D0	0.43628168	0.071302876	0.19695063	0.0	0.16276254	0.13270225
X226_D0	0.37860367	0.055460487	0.2213451	0.0	0.15908316	0.18550755
X228_D0	0.3384179	0.031750813	0.12701318	0.0	0.27217072	0.23064739
X230_D0	0.43180287	0.07125908	0.26095372	0.014332231	0.1664015	0.05525053
X231_D0	0.47049403	0.07970099	0.112795986	0.0	0.2654857	0.07152329
X232_D0	0.6088627	0.041331593	0.17885894	0.0	0.16977197	0.0011747815
X233_D0	0.2722273	0.049019404	0.046923842	0.0	0.27408203	0.35774738
X234_D0	0.37548122	0.054411836	0.13378388	0.0	0.23869857	0.19762444
X236_D0	0.38985986	0.113875225	0.30016968	0.0	0.113665454	0.08242972
X237_D0	0.46751472	0.05378593	0.28706267	0.0	0.119388334	0.07224827
X238_D0	0.37457722	0.019666798	0.16427268	0.0	0.17057706	0.27090627
X239_D0	0.47782463	0.029034229	0.16210875	0.005594894	0.17348924	0.15194832
X240_D0	0.5137688	0.029435389	0.17733145	0.0	0.16003463	0.119429715
