	OPC	Excitatory	Astrocytes	Microglia	Endothelial	Inhibitory	Oligo
A-10315	0.010658909500000001	0.52516496	0.15563241319999999	0.019514088800000003	0.10038754059999999	0.093631458	0.09501059659999998
A-11068	0.0078116141	0.522740618	0.173765794	0.0169566108	0.104935971	0.0948346602	0.0789547683
A-15235	0.007548542200000001	0.625474498	0.11446830999999999	0.01913183808	0.081324327	0.07200204480000001	0.0800504272
A-26659	0.007600575260000001	0.56661481	0.14721659799999998	0.01526931226	0.08911711359999999	0.11774606099999999	0.05643552704000001
A-26670	0.00622031516	0.630852658	0.1312277598	0.0140818446	0.07742693199999999	0.0772350216	0.0629554486
A-26693	0.00561750188	0.605443948	0.1523107172	0.013207840799999999	0.0839921132	0.091193999	0.04823387495999999
A-28156	0.00672821832	0.574313012	0.15606673	0.013961490200000001	0.0738256454	0.13468386940000002	0.040421059020000004
A-28739	0.01040825814	0.5435973080000001	0.158208484	0.0195127117	0.08886398459999999	0.084608619	0.0948006259
A-29008	0.0087914966	0.5722531120000001	0.14622084800000001	0.0163710252	0.0870064608	0.10401887600000001	0.06533819564000001
A-29011	0.0057068988000000005	0.588489448	0.149513482	0.01434427456	0.0912701518	0.0913925154	0.059283179799999995
A-29594	0.01088232314	0.47267607799999994	0.171311364	0.021688935799999996	0.1256517654	0.08790481459999999	0.10988470259999998
A-29845	0.01191319076	0.40221919400000006	0.20182685500000003	0.0264488124	0.1379706154	0.0629087112	0.1567125948
A-32470	0.014000805199999999	0.37933842799999995	0.21003297199999998	0.0287739794	0.1364362756	0.0621279044	0.16928964619999998
A-32591	0.006636735519999999	0.47763229800000007	0.20880442400000004	0.017466688180000002	0.1047744738	0.09010882519999999	0.0945765246
B-04585	0.00622046524	0.6440312800000001	0.13571144	0.01437525474	0.0757663154	0.0798739356	0.04402133464000001
B-06239	0.00749450388	0.63585722	0.122717999	0.014778914539999998	0.0829061276	0.0738474088	0.062397819320000006
B-06247	0.005175243899999999	0.64199713	0.137458694	0.011099390099999999	0.0695038556	0.098728116	0.03603755592
B-06260	0.00644946938	0.579685008	0.14736930799999998	0.0162213514	0.09624429300000001	0.0968634448	0.05716710922
B-06262	0.00602149428	0.48992366800000003	0.167677794	0.01664738706	0.0987804602	0.1656750488	0.055274129840000005
B-06263	0.008199843160000001	0.52562683	0.18162550800000005	0.01706112014	0.102326532	0.08135337520000001	0.08380680920000001
B-06266	0.00599171496	0.6688796379999999	0.129813969	0.0098537977	0.08292295379999999	0.07218960940000001	0.030348301379999998
B-06267	0.00586978192	0.548155796	0.1582488028	0.012266222439999998	0.09497980019999999	0.1324359484	0.0480436182
B-06268	0.005687536879999999	0.609833864	0.152957061	0.017150212739999997	0.08910590300000001	0.07788265300000001	0.04738276534000001
B-06270	0.008336340139999999	0.58956564	0.1407283728	0.01519929974	0.0917549726	0.10270236699999999	0.05171297856
B-06271	0.0091854622	0.52682288	0.17251763	0.01637286126	0.0891303216	0.11619386120000001	0.06977694068000001
B-06277	0.010402992	0.51303795	0.168703774	0.01928133046	0.10548773360000001	0.08296354619999999	0.10012267780000002
B-06281	0.0092921015	0.437151808	0.20429372399999995	0.02137789262	0.13529914199999998	0.07821408299999999	0.11437122959999999
B-06282	0.00489094258	0.529422378	0.16666532	0.0148674414	0.0982555352	0.138901962	0.046996448139999994
B-06421	0.00466404668	0.583903032	0.14053886100000001	0.01212499458	0.0791257766	0.1273515154	0.05229175828
B-10269	0.0062578092399999995	0.598583774	0.16816894219999998	0.0114206956	0.07597155679999999	0.08935118420000002	0.05024604148
B-10302	0.0101366246	0.474684196	0.19464103000000002	0.01825086088	0.1246272064	0.0733320466	0.10432800680000001
B-10991	0.011929911060000001	0.5084797400000001	0.164075024	0.0203489284	0.15067144540000002	0.07929477500000001	0.06520016780000001
B-15192	0.00766166016	0.550339386	0.16552719300000002	0.015038167180000001	0.09172145219999998	0.0937387972	0.0759733439
B-15605	0.007206352080000001	0.5655890060000001	0.16347992379999998	0.014097728300000001	0.08722727479999999	0.0942331912	0.06816650174000001
B-16200	0.00842917352	0.510447662	0.16972268399999998	0.01912171314	0.0984014984	0.11448476599999999	0.07939254000000001
B-16208	0.00720652198	0.566610182	0.155500422	0.015449085000000001	0.09347562840000001	0.09491004859999999	0.0668480839
B-20044	0.00762919626	0.48027619600000004	0.1826521836	0.0206831645	0.109851008	0.1004790624	0.098429199
B-28151	0.006425454780000001	0.646289722	0.1294192852	0.0122404283	0.0814363202	0.0931741794	0.031014590559999992
B-28382	0.008623497059999999	0.47305842	0.20264010800000004	0.02231274156	0.1112113006	0.08966869499999999	0.0924852426
B-28832	0.00607217676	0.5513911499999999	0.16042284680000002	0.01591650046	0.09596154999999999	0.089205821	0.0810299716
B-28930	0.00923177654	0.369927948	0.2311254452	0.0231545876	0.1314235988	0.1001206622	0.13501598100000003
B-30042	0.006921406299999999	0.55596694	0.157633668	0.015940875200000003	0.09867347220000001	0.0994189102	0.06544474203999999
C-03063	0.00640153158	0.5117358519999999	0.188396574	0.0159194834	0.1064882444	0.0708007306	0.1002575953
C-11112	0.011794398000000001	0.43494252	0.187755968	0.0252788491	0.1173015252	0.0873506802	0.1355760138
C-12100	0.0057806032	0.5846181699999999	0.1501248828	0.014920819200000001	0.09634162519999999	0.08909718959999999	0.059116696600000004
C-12111	0.010472584900000002	0.419842098	0.184489904	0.0240488857	0.1243605382	0.08219533799999999	0.15459065859999999
C-15086	0.009001955139999998	0.409880098	0.21355322999999998	0.02096449716	0.125486909	0.0846608186	0.1364525234
C-16010	0.00663830722	0.542724328	0.164124615	0.015245641200000002	0.09475118580000001	0.0882792682	0.08823663960000003
C-16073	0.012907048400000001	0.47253945399999997	0.16949322700000002	0.0246876468	0.1139692448	0.06973665840000001	0.13666671760000002
C-16088	0.007324864759999999	0.5572496279999999	0.153889364	0.01406959332	0.0946938276	0.0887904562	0.08398225340000001
C-99134	0.00503281208	0.489089454	0.19799759720000001	0.014187466240000002	0.1092818692	0.0847264966	0.09968433639999999
E-02945	0.007801731720000001	0.49861419200000007	0.19130652599999998	0.01561100272	0.09896993779999999	0.110621616	0.07707499109999999
E-02951	0.01083248934	0.358085134	0.22129707999999998	0.0273881842	0.1428161036	0.1019278844	0.1376531076
E-10317	0.00624727274	0.59412502	0.15503983400000002	0.015254288999999999	0.09432269439999999	0.10151755900000001	0.03349331488
E-10608	0.011815122100000002	0.463222046	0.16398986999999998	0.021448550939999998	0.11844966860000002	0.12561166999999998	0.0954630412
E-11050	0.00947923828	0.41103492599999997	0.218980364	0.02292456088	0.1362846994	0.0824859608	0.11881025240000001
E-11051	0.00686225494	0.606246608	0.1321823608	0.01165382726	0.095007548	0.096127824	0.05191958402
E-11053	0.0056225599	0.526828054	0.169730994	0.01585120106	0.09230005459999999	0.09868688079999999	0.0909802434
E-19639	0.0037968029800000006	0.6903249199999999	0.12331310199999998	0.00924541704	0.06730088819999999	0.080376806	0.025642070519999997
E-19663	0.00954385332	0.48806391800000004	0.17435816799999998	0.019079714079999997	0.11428543040000001	0.08629590899999999	0.1083730647
E-24635	0.0104778876	0.5082679	0.17778890400000003	0.020845739359999997	0.12383351819999999	0.0779968962	0.0807891507
F-10242	0.009567916860000001	0.42867073400000005	0.196243356	0.021152244879999997	0.13081030600000002	0.11768026520000001	0.0958751622
F-15611	0.00502352862	0.53327533	0.17650181199999998	0.0129187996	0.0911997106	0.1215058408	0.0595750044
F-15621	0.00681235912	0.47413670999999996	0.1795675778	0.014755608120000003	0.10141751800000001	0.1503498368	0.07296038646
F-15626	0.01088545068	0.5159710399999999	0.15634474	0.0177292374	0.0934635186	0.1124036454	0.0932023106
F-15669	0.009574945560000001	0.49614726200000003	0.164458899	0.0161500673	0.1455084416	0.09749158	0.07066883652
F-16253	0.0070317381200000004	0.51001803	0.163679462	0.0185003292	0.10343665720000002	0.1299197736	0.06741403148
F-16307	0.007134297119999999	0.625485866	0.115475569	0.0192542862	0.0986120552	0.0706715292	0.06336640473999999
F-16317	0.01335955412	0.278627636	0.265715124	0.028283969800000003	0.17620869740000003	0.0705844836	0.16722051779999997
F-21801	0.01068642294	0.395638244	0.20015236300000003	0.023976737999999997	0.122821288	0.10702308820000002	0.1397018562
F-30139	0.007727765860000001	0.551041484	0.16223568	0.01952056808	0.1122206488	0.0803596298	0.06689423552
F-30886	0.014221129899999999	0.379350008	0.22617162	0.0259295752	0.1474619976	0.07654956519999999	0.13031609979999997
F-32590	0.0075583487	0.5708205919999999	0.156489456	0.01698082166	0.10738180739999999	0.08882346240000001	0.051945508439999996
G-10007	0.009328283	0.5133537539999999	0.182033034	0.018678686320000002	0.0959207414	0.11580543080000001	0.064880068
G-11021	0.0056785766399999995	0.638950186	0.14164924900000003	0.012697610680000002	0.0722766182	0.09921047000000001	0.029537302100000003
G-11044	0.00713164112	0.645926412	0.11588480999999999	0.01424029886	0.0684638558	0.10144347599999999	0.04690949718
G-11082	0.0123900628	0.38586975400000006	0.215763383	0.027420545400000003	0.1365093554	0.09304190300000001	0.1290049666
G-11090	0.00398184448	0.6325438099999999	0.13893336679999999	0.012032641600000001	0.071286881	0.10529247239999999	0.03592899894
G-11114	0.007259729800000001	0.47290870199999996	0.20311444	0.0198387509	0.12367558120000002	0.092498332	0.080704436
G-12088	0.009415848899999999	0.43994363000000003	0.20031166679999995	0.020001908120000002	0.13594889300000002	0.0830786084	0.11129942079999999
G-15087	0.010255635099999999	0.495357964	0.16886364	0.021943122599999997	0.11339064699999998	0.09100400919999999	0.09918498140000001
H-0C046	0.01184893838	0.41083702000000005	0.218989106	0.0253185211	0.1416799842	0.0966367912	0.094689651
H-0C048	0.007211503839999999	0.44004973999999997	0.20081279	0.016391346140000002	0.10826598359999999	0.16243128680000002	0.0648373679
H-0C072	0.0113205649	0.407922208	0.210636374	0.0281055618	0.1451104396	0.0719507884	0.1249540912
H-0C083	0.01044331268	0.317674924	0.257706183	0.0323979866	0.160552989	0.0733834604	0.14784116919999998
H-0C084	0.01175437426	0.42924376200000003	0.21902016600000002	0.023489314	0.12451691139999999	0.104680518	0.0872949626
H-0C085	0.007789973420000001	0.39678209999999997	0.211339644	0.023234619739999997	0.12809354199999998	0.1492349174	0.0835251723
H-0C096	0.0138074276	0.345943392	0.22788949599999997	0.028876046499999995	0.14453586999999998	0.1225012254	0.11644655159999999
H-0C730	0.009676047520000002	0.429704484	0.21179790199999998	0.023270420999999996	0.1367519008	0.0821442208	0.1066550044
H-DC005	0.01114179302	0.45739896199999996	0.1777565392	0.022903042899999997	0.1422915866	0.0805496376	0.10795844460000001
H-DC022	0.011461779	0.453690042	0.18219862080000002	0.023951655	0.1464069744	0.0899320992	0.09235884819999998
H-DC023	0.00851153614	0.48725687000000006	0.176984638	0.0182508506	0.120000379	0.123226646	0.06576905888000001
H-DC027	0.0126787176	0.37406688599999993	0.22667891200000004	0.026238659399999996	0.14837844679999998	0.0944820482	0.11747633359999998
H-DC029	0.00957376534	0.429365824	0.20198216100000002	0.0214636661	0.14311463060000001	0.10911577260000001	0.08538419489999999
H-DC040	0.0060444531000000004	0.38968586600000005	0.2243547232	0.01802271072	0.1577695812	0.0897600892	0.11436256660000002
H-DC092	0.00834521496	0.35042104199999996	0.23374097600000004	0.026720329199999997	0.150075468	0.104721047	0.12597591800000002
H-DC107	0.0076257615	0.36810245799999997	0.24432907000000004	0.0226644	0.1524553936	0.07846340160000001	0.1263595246
H-DC110	0.01041652848	0.427352958	0.195670973	0.020450011339999997	0.1560352784	0.088807507	0.10126673820000001
H-DC112	0.007873085980000001	0.522583398	0.17816819	0.019000958800000002	0.09351219959999998	0.12266163319999998	0.056200507200000006
