	Astrocytes	Oligo	Excitatory	Microglia	OPC	Inhibitory	Endothelial
A.10315	0	0.010086840631833	0.0	0.300460527581639	0	0.171326888671785	0.518125743114743
A.11068	0	0.0142294771432274	0.0	0.303562160123709	0	0.157985474131852	0.524222888601212
A.15235	0	0.0146246003139618	0.0010059275684622	0.310552988673077	0	0.156395946131085	0.517420537313414
A.26659	0	0.0150909663074929	0.0	0.29213577685191	0	0.168762214789162	0.524011042051435
A.26670	0	0.0094138523723978	0.0	0.291356095294321	0	0.165515603278528	0.533714449054753
A.26693	0	0.0096322832435767	0.0	0.302416369839464	0	0.162731325484017	0.525220021432943
A.28156	0	0.012593756452089	0.0001271019289644	0.326683235493958	0	0.156607043710862	0.503988862414127
A.28739	0	0.0113986880299632	0.0	0.300653707093103	0	0.160401106137195	0.527546498739739
A.29008	0	0.0124742900778039	0.0	0.29377860244682	0	0.164624848809134	0.529122258666242
A.29011	0	0.0111071038496635	0.0	0.3000528180813	0	0.16551421923179	0.523325858837247
A.29594	0	0.0145083835709034	0.0	0.276027240838556	0	0.16970916341125	0.539755212179291
A.29845	0	0.019051749036437	0.0	0.297317756996385	0	0.167067983889133	0.516562510078045
A.32470	0	0.0146865799897142	0.0	0.29863610330578	0	0.162288892730912	0.524388423973594
A.32591	0	0.0176331694631233	0.0	0.292134345853807	0	0.166302241438292	0.523930243244778
B.04585	0	0.0100259774809914	0.0	0.315131190392332	0	0.163612162082936	0.511230670043741
B.06239	0	0.0202337301835249	0.0	0.296688464422983	0	0.162893256947621	0.520184548445871
B.06247	0	0.0086830122393976	0.0	0.304768614840877	0	0.160255505041366	0.526292867878359
B.06260	0	0.0111482074062888	0.0	0.294708756855019	0	0.154055082814234	0.540087952924458
B.06262	0	0.007313375492583	0.0	0.310928288333607	0	0.163241109376519	0.518517226797291
B.06263	0	0.0104463569423434	0.0	0.294321214559269	0	0.164572737939148	0.53065969055924
B.06266	0	0.0110181264203816	0.0	0.303914015349072	0	0.164956742392284	0.520111115838263
B.06267	0	0.0075245524799844	0.0	0.296325964352514	0	0.171587577808515	0.524561905358987
B.06268	0	0.0104309592081773	0.0	0.301118829170052	0	0.160690071314541	0.52776014030723
B.06270	0	0.0119053997388323	0.0	0.30665226457296	0	0.162207437600219	0.519234898087989
B.06271	0	0.0096941559455992	0.0	0.306473654717538	0	0.156876631249383	0.52695555808748
B.06277	0	0.0133748513790981	0.0	0.298480122060101	0	0.160207520369816	0.527937506190984
B.06281	0	0.015914247865027	0.0	0.299455798319611	0	0.158822408468195	0.525807545347167
B.06282	0	0.0097558242536513	0.0	0.289862142393209	0	0.160281750935337	0.540100282417803
B.06421	0	0.0093368049089492	0.0	0.297282214362265	0	0.16420598895984	0.529174991768946
B.10269	0	0.0090599448539375	0.0	0.300899048069779	0	0.157472209234743	0.53256879784154
B.10302	0	0.0133465192005618	0.0	0.307056392389185	0	0.160867893133126	0.518729195277127
B.10991	0	0.0142955451045809	0.0	0.298736119833416	0	0.166299009274146	0.520669325787857
B.15192	0	0.0119432630456446	0.0	0.298771750628622	0	0.162977771978739	0.526307214346994
B.15605	0	0.0132718530697056	0.0	0.294832593211742	0	0.167358673816989	0.524536879901563
B.16200	0	0.0072787815476963	0.0	0.280160048483883	0	0.177216981470865	0.535344188497555
B.16208	0	0.0092505204317478	0.0	0.300075689163885	0	0.161910604310501	0.528763186093866
B.20044	0	0.0116854739714822	0.0	0.298473559567162	0	0.172380900390369	0.517460066070986
B.28151	0	0.0078779038256691	0.0	0.296179408449297	0	0.168642285075331	0.527300402649703
B.28382	0	0.0125790143300427	0.0	0.302558441484807	0	0.168418969926338	0.516443574258812
B.28832	0	0.0113492525651584	0.0	0.288753043467388	0	0.164920602807428	0.534977101160025
B.28930	0	0.0145645333454232	0.0	0.301779005259851	0	0.160132453944183	0.523524007450543
B.30042	0	0.0108119063543756	0.0	0.287771442922715	0	0.175985128150617	0.525431522572293
C.03063	0	0.0121482096104034	0.0	0.309363369562319	0	0.156029593053033	0.522458827774244
C.11112	0	0.0195124543986323	0.0	0.292741513401036	0	0.166013792137955	0.521732240062377
C.12100	0	0.011842304045732	0.0	0.283499540110752	0	0.161523684711548	0.543134471131968
C.12111	0	0.0185906903762649	0.0	0.291209782133756	0	0.163189669685178	0.527009857804801
C.15086	0	0.0146795866995915	0.0	0.284921462650952	0	0.173265914811776	0.52713303583768
C.16010	0	0.0187652535597423	0.0	0.291998534789158	0	0.173685001891925	0.515551209759175
C.16073	0	0.0147680164173171	0.0	0.310289964528803	0	0.15407755264582	0.520864466408061
C.16088	0	0.0182043063112142	0.0	0.298370272073066	0	0.162011004431226	0.521414417184494
C.99134	0	0.0119485016771643	0.0	0.290031761600601	0	0.167095446353235	0.530924290369
E.02945	0	0.0116621291291541	0.0	0.303142159195308	0	0.156330844308683	0.528864867366855
E.02951	0	0.0142153139098743	0.0	0.293881820766202	0	0.162018564339313	0.529884300984611
E.10317	0	0.0102371415348842	0.0	0.274460274001138	0	0.168710215012282	0.546592369451696
E.10608	0	0.0134892607344389	0.0	0.310336254597049	0	0.162834671605369	0.513339813063142
E.11050	0	0.0130785798712091	0.0	0.301447333968354	0	0.161025340100405	0.524448746060031
E.11051	0	0.0089259498043121	0.0	0.297664996903503	0	0.160888094788771	0.532520958503414
E.11053	0	0.0125112457145329	0.0	0.288137611026468	0	0.169038082891731	0.530313060367268
E.19639	0	0.0104916412462845	0.0	0.299053284400505	0	0.162177721290353	0.528277353062858
E.19663	0	0.0234951523994557	0.0	0.2806600365783	0	0.175621317134523	0.520223493887721
E.24635	0	0.0164997378193506	0.0	0.297080134809357	0	0.171279932930029	0.515140194441264
F.10242	0	0.010941012842039	0.0	0.303248927192069	0	0.161289862156826	0.524520197809065
F.15611	0	0.0141274684276862	0.0	0.292847012856102	0	0.165216088360141	0.52780943035607
F.15621	0	0.0095130344113932	0.0	0.305855016736271	0	0.165274818876602	0.519357129975734
F.15626	0	0.010687304545215	0.0	0.292889671967218	0	0.172477146582919	0.523945876904647
F.15669	0	0.0111320384817338	0.0	0.28655270769852	0	0.165202361229757	0.53711289258999
F.16253	0	0.0080739869375841	0.0	0.305941778217627	0	0.158548984174502	0.527435250670288
F.16307	0	0.009941487977852	0.0	0.279785113144785	0	0.169016055540455	0.541257343336908
F.16317	0	0.015449822644039	0.0	0.270034529701128	0	0.171719966364017	0.542795681290815
F.21801	0	0.0146320832938607	0.0	0.306159320329965	0	0.155264137566982	0.523944458809192
F.30139	0	0.0133191802342215	0.0	0.288844023922186	0	0.173134873862261	0.524701921981331
F.30886	0	0.015012487219111	0.0	0.287013245849361	0	0.158841748982593	0.539132517948935
F.32590	0	0.007808713610952	0.0	0.294371293684995	0	0.168937992231995	0.528882000472058
G.10007	0	0.009718069742671	0.0	0.310206909617464	0	0.15187280571293	0.528202214926935
G.11021	0	0.009776737844096	0.0	0.303912638406675	0	0.165946883545942	0.520363740203287
G.11044	0	0.0071133596985356	0.0	0.315426881519846	0	0.158136636881592	0.519323121900027
G.11082	0	0.0172630244717067	0.0	0.292565710963	0	0.165737930163886	0.524433334401407
G.11090	0	0.0091623451471318	0.0	0.300687743014523	0	0.160937111779605	0.52921280005874
G.11114	0	0.0119100493154094	0.0	0.305484926861028	0	0.157317617449456	0.525287406374106
G.12088	0	0.0144111723218498	0.0	0.299543708000391	0	0.165510178313936	0.520534941363823
G.15087	0	0.0125291645085042	0.0	0.305209132473436	0	0.15867996918634	0.52358173383172
H.0C046	0	0.0126721555292314	0.0	0.281326794807187	0	0.164737294276733	0.541263755386849
H.0C048	0	0.0101278125414541	0.0	0.30755075651365	0	0.153340154874289	0.528981276070608
H.0C072	0	0.015064812511573	0.0	0.336810796540825	0	0.154839498613954	0.493284892333647
H.0C083	0	0.0127169754592921	0.0	0.305448914850674	0	0.160782184042036	0.521051925647999
H.0C084	0	0.013426958965646	0.0	0.308409681091133	0	0.159348214378204	0.518815145565017
H.0C085	0	0.011232679055334	0.0	0.278088953938569	0	0.165314588894707	0.54536377811139
H.0C096	0	0.0125572188887125	0.0	0.280969113101064	0	0.168293756859326	0.538179911150897
H.0C730	0	0.0133785521178316	0.0	0.277908381975062	0	0.167881388955564	0.540831676951542
H.DC005	0	0.0150237884499261	0.0	0.293452752692134	0	0.164987125517507	0.526536333340433
H.DC022	0	0.0105178252091641	0.0	0.31010388594441	0	0.155831368269363	0.523546920577063
H.DC023	0	0.0106439196579484	0.0	0.287861872677307	0	0.166508941441527	0.534985266223218
H.DC027	0	0.0125928759623601	0.0	0.296642646129679	0	0.166130393769395	0.524634084138566
H.DC029	0	0.0099798717039097	0.0	0.301857423652399	0	0.158864389241614	0.529298315402077
H.DC040	0	0.0127822107814686	0.0	0.296295120837111	0	0.167343015490081	0.52357965289134
H.DC092	0	0.0157078122007306	0.0	0.32691027994614	0	0.161869103446649	0.495512804406481
H.DC107	0	0.0175049570637674	0.0	0.311184272511778	0	0.162865399950825	0.50844537047363
H.DC110	0	0.013851220585442	0.0	0.286518458703339	0	0.169935177022545	0.529695143688674
H.DC112	0	0.0100811665233753	0.0	0.302108269717033	0	0.157300091861872	0.53051047189772
