	OPC	Excitatory	Astrocytes	Microglia	Endothelial	Inhibitory	Oligo
A-10315	0.052961063	0.31343225	0.23543239	0.0	0.08229111	0.26589587	0.04998735
A-11068	0.043909322	0.3162923	0.23800766	0.0	0.0923088	0.27822474	0.031257194
A-15235	0.049258642	0.33902654	0.22780779	0.0	0.07546973	0.25887027	0.04956702
A-26659	0.035186224	0.33690324	0.23955469	0.0	0.08321313	0.29310834	0.012034317
A-26670	0.03843067	0.34466913	0.23785333	0.0	0.07674285	0.27497438	0.027329689
A-26693	0.031594265	0.35073972	0.24187969	0.0	0.086000726	0.28457546	0.0052101472
A-28156	0.0299886	0.3379365	0.24511328	0.0	0.08257761	0.30438402	0.0
A-28739	0.05676505	0.31151107	0.24087545	0.0	0.07730598	0.26449385	0.049048673
A-29008	0.041660596	0.33041596	0.23948082	0.0	0.078534156	0.28666258	0.02324585
A-29011	0.03301386	0.34823596	0.23037659	0.0	0.08953217	0.2836687	0.01517264
A-29594	0.0614424	0.2950446	0.23570248	0.0	0.09243681	0.25420582	0.061167847
A-29845	0.071019456	0.2720817	0.22756249	0.00518804	0.095954455	0.23559713	0.092596665
A-32470	0.08006721	0.25884736	0.23009482	0.0051420378	0.09213886	0.22641513	0.10729462
A-32591	0.044110075	0.3114694	0.23835331	0.0	0.09265403	0.27304268	0.040370457
B-04585	0.03338489	0.35262698	0.24542852	0.00113582	0.08043329	0.28438112	0.0026093603
B-06239	0.044588942	0.34554222	0.23432107	0.0	0.07779993	0.26733005	0.030417742
B-06247	0.024619881	0.36054426	0.24105223	0.0	0.07845635	0.2953272	0.0
B-06260	0.035836753	0.33674747	0.23736353	0.0	0.09023065	0.28371498	0.016106607
B-06262	0.026192525	0.33091712	0.23640174	0.0	0.093703136	0.31005055	0.0027349216
B-06263	0.0500085	0.3150879	0.24029832	0.0	0.08737417	0.26635957	0.040871553
B-06266	0.02999875	0.35522553	0.24128957	0.0	0.08883655	0.28464958	0.0
B-06267	0.02900635	0.34014967	0.2402326	0.0	0.087529264	0.30258712	0.0004950142
B-06268	0.03329207	0.34277347	0.24597266	0.0018051874	0.08925774	0.28229988	0.0045989454
B-06270	0.037349366	0.3416675	0.24120449	0.0	0.08320789	0.28659523	0.009975533
B-06271	0.040875748	0.3220121	0.24479379	0.00017839545	0.07800588	0.29336637	0.020767711
B-06277	0.058721334	0.30867147	0.23408014	0.0	0.087174945	0.25596324	0.055388875
B-06281	0.05607508	0.29288664	0.23534624	0.0	0.09815137	0.25748265	0.060058083
B-06282	0.024938274	0.33932716	0.24515949	0.0	0.088648066	0.30179703	0.00012992813
B-06421	0.021635057	0.3483843	0.23287614	0.0	0.08581996	0.30604807	0.005236463
B-10269	0.032831434	0.34666646	0.24820669	0.0	0.07986904	0.28938347	0.0030428974
B-10302	0.056324333	0.30051994	0.24304001	0.0	0.09120329	0.25828028	0.050632123
B-10991	0.056496132	0.30658153	0.2389736	0.0	0.10504015	0.26495078	0.02795782
B-15192	0.044535954	0.32794297	0.2374813	0.0	0.08282675	0.2745656	0.032647397
B-15605	0.037994195	0.33893713	0.24196035	0.0	0.0859901	0.27680898	0.01830926
B-16200	0.046207715	0.31393272	0.2385492	0.0	0.08389861	0.27946824	0.037943427
B-16208	0.03992113	0.3316304	0.23713163	0.0	0.087621756	0.28101653	0.02267859
B-20044	0.04721704	0.30984467	0.23450221	0.00033222904	0.0927465	0.27010536	0.04525197
B-28151	0.028438484	0.35561	0.2391541	0.0	0.08402388	0.29277354	0.0
B-28382	0.04965063	0.30233544	0.24028027	0.005541985	0.09106685	0.2673828	0.043742016
B-28832	0.03914287	0.33408388	0.22976817	0.0	0.08632273	0.27396497	0.0367173
B-28930	0.0567759	0.27674273	0.23872484	0.0028312788	0.09306073	0.2619777	0.06988679
B-30042	0.038932662	0.32819894	0.23727557	0.0	0.091797456	0.28107598	0.02271941
C-03063	0.045850333	0.31923413	0.23035939	0.0	0.09325834	0.26232502	0.04897275
C-11112	0.06643248	0.28268027	0.23148787	0.0026758844	0.08685837	0.24949712	0.080368005
C-12100	0.034299035	0.34462452	0.23597528	0.0	0.09109823	0.27835816	0.015644837
C-12111	0.06710737	0.2784367	0.22921212	0.001128922	0.089235336	0.24411462	0.09076486
C-15086	0.05836195	0.28573254	0.23471615	0.001710085	0.093570136	0.2538926	0.07201657
C-16010	0.04029716	0.3337969	0.23287083	0.0	0.0863343	0.2703387	0.036362145
C-16073	0.0698252	0.28849193	0.23049074	0.0026307283	0.084642366	0.23875378	0.08516525
C-16088	0.040276743	0.3329465	0.22946566	0.0	0.09129168	0.2748975	0.031121934
C-99134	0.036343314	0.32710204	0.22933714	0.0	0.09690341	0.27197707	0.03833701
E-02945	0.042382475	0.31803605	0.24462304	0.0	0.08692769	0.2791987	0.02883197
E-02951	0.06251557	0.2608428	0.23844297	0.008681196	0.09478938	0.25849655	0.07623158
E-10317	0.030464804	0.34794453	0.24182308	0.0	0.09012138	0.28964615	0.0
E-10608	0.05366802	0.29689738	0.23553595	0.0	0.08756553	0.27917343	0.047159698
E-11050	0.05603104	0.28975222	0.23527892	0.0019776274	0.09912971	0.25690624	0.06092427
E-11051	0.03524335	0.34908462	0.23102285	0.0	0.09171036	0.28754243	0.005396435
E-11053	0.036823742	0.32814118	0.23064469	0.0	0.08682183	0.27898473	0.038583808
E-19639	0.02134478	0.36801434	0.23509125	0.0	0.08497225	0.2905774	0.0
E-19663	0.052526176	0.30428568	0.23072988	0.0	0.092140436	0.26969108	0.050626747
E-24635	0.05376673	0.31439584	0.23739968	0.0	0.09485404	0.26128554	0.038298134
F-10242	0.05026672	0.295519	0.2416586	0.0	0.09487536	0.2735583	0.044122003
F-15611	0.027178802	0.33496	0.23692651	0.0	0.09124254	0.29841837	0.011273757
F-15621	0.03258396	0.32754532	0.23547935	0.0	0.09057441	0.30123535	0.012581637
F-15626	0.05013387	0.31764373	0.23447004	0.0	0.07816	0.27520627	0.04438605
F-15669	0.045212716	0.31413525	0.23779623	0.0	0.10433515	0.28259653	0.015924128
F-16253	0.03690968	0.32149944	0.23322043	0.0	0.09210167	0.2961662	0.020102583
F-16307	0.044184636	0.33816183	0.23121561	0.00027815206	0.088853344	0.26953167	0.027774774
F-16317	0.077162296	0.24527065	0.23797694	0.0035498021	0.10482013	0.23128529	0.099934876
F-21801	0.05813593	0.28220677	0.23288995	0.001106902	0.090674646	0.26729554	0.06769023
F-30139	0.04719734	0.32149702	0.24072863	0.0041960864	0.09062632	0.26567698	0.03007761
F-30886	0.07722566	0.25339317	0.24644968	0.0038922117	0.09688139	0.23675698	0.08540095
F-32590	0.03974132	0.33477402	0.24288228	0.0	0.08817612	0.27907455	0.015351752
G-10007	0.044529166	0.3162767	0.25037053	0.0	0.08359268	0.2842767	0.020954283
G-11021	0.026222797	0.35628092	0.24213248	0.0	0.08325354	0.29211032	0.0
G-11044	0.03360434	0.36089104	0.23880143	0.0	0.07128163	0.28746158	0.007959974
G-11082	0.070045166	0.26347047	0.23946674	0.0065251603	0.09304997	0.24779688	0.07964555
G-11090	0.02134229	0.36092675	0.23785257	0.0	0.08385893	0.29601946	0.0
G-11114	0.04853176	0.3066895	0.24079522	0.0018358021	0.0971059	0.2667648	0.038276993
G-12088	0.05742273	0.29666814	0.23156883	0.0	0.099224396	0.25695333	0.058162544
G-15087	0.05557232	0.30776677	0.23643059	0.0	0.084454864	0.26391408	0.05186138
H-0C046	0.06166965	0.27395138	0.24909917	0.007235214	0.09530024	0.26077193	0.05197247
H-0C048	0.035183065	0.31292215	0.24799672	0.0	0.09053625	0.3017036	0.011658208
H-0C072	0.06685591	0.27643472	0.2347154	0.0070316875	0.096983775	0.24061194	0.07736653
H-0C083	0.06974655	0.2576443	0.23938444	0.010756508	0.09886593	0.23586424	0.08773802
H-0C084	0.056055777	0.28322548	0.25329223	0.0031360048	0.09073622	0.27094647	0.042607833
H-0C085	0.040857915	0.30547327	0.23771128	0.0018248376	0.09631435	0.2881205	0.029697813
H-0C096	0.06459693	0.2564833	0.24848446	0.008539751	0.090320826	0.26413277	0.06744194
H-0C730	0.05897038	0.28531107	0.23963222	0.0021289352	0.09768061	0.25442427	0.06185249
H-DC005	0.06274216	0.28427285	0.23452401	0.001940112	0.10008957	0.2564269	0.060004447
H-DC022	0.060148593	0.28679845	0.24036352	0.0012523059	0.099836916	0.26329026	0.048309926
H-DC023	0.042162385	0.31465787	0.24094737	0.0	0.09296969	0.28854716	0.020715538
H-DC027	0.06624619	0.26552668	0.24586561	0.0035959072	0.0975988	0.2561667	0.065000065
H-DC029	0.050733205	0.30267003	0.23862424	0.0	0.101948306	0.27491254	0.031111648
H-DC040	0.04299913	0.30796093	0.22736974	0.0	0.10767586	0.26700607	0.046988275
H-DC092	0.052244324	0.27991152	0.23306261	0.0047631795	0.10227926	0.26637006	0.061369035
H-DC107	0.053919166	0.28616574	0.2354065	0.0032740955	0.103416234	0.2564743	0.061344028
H-DC110	0.060460966	0.28170282	0.24357198	0.0	0.10657801	0.2622482	0.045438115
H-DC112	0.037032776	0.3239211	0.2520411	0.0	0.08406541	0.29643422	0.0065054335
