	Monocytes	Unknown	CD4Tcells	Bcells	NK	CD8Tcells
pbmc_1	0.290997482	0.0826606319999999	0.238124116	0.0835154476	0.1060185387999999	0.198683764
pbmc_10	0.443625854	0.096647335	0.176467308	0.08070988	0.0826489292	0.1199007008
pbmc_12_merged_1.fastq	0.328796582	0.073828138	0.13747449	0.0668855732	0.1637045959999999	0.229310656
pbmc_2_merged_1.fastq	0.3295511359999999	0.0872901983999999	0.259625584	0.0534824879999999	0.1062385509999999	0.1638120579999999
pbmc_4	0.215440178	0.0540380303999999	0.175286788	0.090146034	0.164639392	0.300449558
pbmc_5_merged_1.fastq	0.394175284	0.061205544	0.0656536414	0.0893865132	0.144557286	0.2450217439999999
pbmc_6_merged_1.fastq	0.4061878639999999	0.1016731132	0.154918708	0.070776386	0.1171053179999999	0.149338636
pbmc_7_merged_1.fastq	0.353638242	0.071096801	0.0876763748	0.0566910189999999	0.193125518	0.237772062
pbmc_9_merged_1.fastq	0.452779504	0.083311062	0.112086436	0.0487773418	0.172074826	0.1309708048
