	CD4Tcells	Monocytes	Bcells	CD8Tcells	NK	Unknown
T63_LPS_FC1_4	0.0	0.0015214961249992	0.0	0.0	0.998478503875001	0.0
T81_LPS_FC1_4	0.0	0.0	0.0	0.0	0.952895692569343	0.0471043074306573
T104_LPS_FC1_4	0.0	0.0	0.0	0.0	0.96347649135591	0.0365235086440899
T4_GARD_BATCH_2	0.0	0.0	3.41115382293616e-06	0.0	0.944426681746555	0.0555699070996221
K47_LPS_FC1_4	0.0	0.0218244877369273	0.0	0.0	0.967145661117002	0.0110298511460705
T4_CTL_FC5	0.0	0.0	0.0015087648831837	0.0	0.95836835628653	0.0401228788302863
T12_CTL_B_BATCH_2	0.0	0.055324892041057	0.0010746211173995	0.0	0.882967386515668	0.0606331003258759
T84_LPS_FC1_4	0.0	0.0	0.0	0.0	0.985979575818744	0.0140204241812556
K44_LPS_FC1_4	0.0	0.0	0.0	0.0	0.966433595127901	0.0335664048720989
K10_LPS_FC1_4	0.0249185700195008	0.0	0.0	0.0	0.975081429980499	0.0
T13_LPS_FC1_4	0.0	0.0129775520661293	0.0	0.0	0.987022447933871	0.0
T119_LPS_FC1_4	0.0	0.0	0.0003121375444624	0.0	0.934071729549384	0.0656161329061537
T115_LPS_FC1_4	0.0	0.0096316978251811	0.0	0.0	0.979190527840799	0.0111777743340198
K19_CTL_FC1_4	0.0	0.0	0.0468949647694736	0.0	0.875373588671383	0.0777314465591433
T9_LPS_FC1_4	0.0	0.0	0.0	0.0	0.961817105719449	0.0381828942805508
T30_CTL_FC1_4	0.0	0.134729503893533	0.0	0.0	0.858590708015329	0.0066797880911385
T15_GARD_BATCH_2	0.0	0.0	0.012066089344683	0.0	0.908625098564207	0.0793088120911097
T101_GARD_BATCH_2	0.0	0.0	0.0	0.0	1.0	0.0
K29_CTL_FC1_4	0.0	0.0298780232641446	0.0	0.0	0.859390451843167	0.110731524892688
T32_GARD_BATCH_2	0.0	0.0985836796856653	0.0	0.0	0.850594171778254	0.0508221485360803
T34_CTL_FC1_4	0.0	0.0	0.0	0.0	0.982892473528726	0.017107526471274
T120_GARD_BATCH_2	0.0	0.0	0.0	0.0	0.998333558042592	0.0016664419574079
T15_CTL_FC1_4	0.0	0.0	0.0035717946984207	0.0	0.916578825271469	0.0798493800301106
T31_CTL_FC1_4	0.0	0.0731934763968132	0.0013117901205476	0.0	0.850336484572797	0.0751582489098425
T65_LPS_FC1_4	0.0	0.0042788271925186	0.0180515059292117	0.0	0.933885914597429	0.0437837522808407
T33_GARD_BATCH_2	0.0	0.0022695928262384	0.0	0.0	0.878146462896253	0.119583944277508
T62_LPS_FC1_4	0.0	0.0	0.0	0.0	0.944384823413308	0.0556151765866916
K52_LPS_FC1_4	0.0	0.0070310757322096	0.0015482700897975	0.0	0.920469950329814	0.0709507038481786
T78_GARD_BATCH_2	0.0	0.0	0.0	0.0	1.0	0.0
T119_CTL_FC1_4	0.0	0.0	0.0	0.0	0.930431423243262	0.0695685767567381
K1_LPS_FC1_4	0.0	0.0011009445226054	0.0	0.0	0.947604358231519	0.0512946972458756
K6_CTL_FC1_4	0.0	0.102205333170057	0.0	0.0	0.885971755991999	0.0118229108379436
K1_GARD_BATCH_2	0.0	0.0	0.0	0.0	0.89762337327929	0.10237662672071
T71_CTL_FC1_4	0.0	0.0806967150302958	0.0	0.0	0.883762748159895	0.0355405368098092
K20_GARD_BATCH_2	0.0	0.0183255878290028	0.0	0.0	0.874096589568406	0.107577822602591
T77_GARD_BATCH_2	0.0	0.0	0.0	0.0	0.999405336989195	0.0005946630108048
K23_CTL_FC1_4	0.0	0.0162293315880195	0.0	0.0	0.864571791691623	0.119198876720358
T73_LPS_FC1_4	0.0	0.0	0.0	0.0	0.982156141117564	0.0178438588824357
T40_CTL_FC5	0.0	0.0924952364591893	0.0	0.0	0.895342830890058	0.0121619326507525
T69_CTL_FC5	0.0	0.0261701736563464	0.0005389943646808	0.0	0.950144058235164	0.0231467737438083
K49_CTL_FC1_4	0.0	0.0359638295384311	0.0006233251581311	0.0	0.922156561762686	0.0412562835407519
K44_GARD_BATCH_2	0.0	0.0	0.0	0.0	0.955278736891149	0.044721263108851
T30_GARD_BATCH_2	0.0	0.167820256079936	0.0	0.0	0.81187770849066	0.0203020354294047
T107_GARD_BATCH_2	0.0	0.0711824179866644	0.0021353702096466	0.0	0.854131204546286	0.0725510072574026
K24_LPS_FC1_4	0.0	0.0	0.0367838377472352	0.0	0.887040556536063	0.0761756057167017
K17_LPS_FC1_4	0.0	0.0002428243388567	0.0125913779158868	0.0	0.935986656153052	0.0511791415922043
T106_CTL_FC1_4	0.0	0.0158190536027705	0.0	0.0	0.98418094639723	0.0
T7_LPS_FC1_4	0.0	0.0	0.0015204709181092	0.0	0.924632196588455	0.0738473324934358
T4_LPS_FC5	0.0	0.0	0.0025188300013768	0.0	0.967655240034833	0.0298259299637903
T14_GARD_BATCH_2	0.0	0.0	0.0	0.0	0.901225950905953	0.098774049094047
T64_LPS_FC1_4	0.0	0.0007345203162549	0.0	0.0	0.998293292571889	0.0009721871118562
K5_LPS_FC1_4	0.0	0.0	0.0	0.0	0.998577231001717	0.001422768998283
K31_LPS_FC1_4	0.0	0.0	0.0	0.0	0.964313465918821	0.0356865340811792
K28_LPS_FC1_4	0.0	0.0	0.0097124803457957	0.0	0.874139883332239	0.116147636321965
K18_LPS_FC1_4	0.0146683093281035	0.0	0.075028314418138	0.0	0.874555603954973	0.0357477722987851
K2_GARD_BATCH_2	0.0	0.642440862706322	0.0	0.0	0.339623878444613	0.017935258849066
K14_GARD_BATCH_2	0.0	0.0	0.0	0.0	0.920007586692378	0.0799924133076221
K33_CTL_FC1_4	0.0	0.004726785432846	0.0368844055798155	0.0	0.868739717020002	0.0896490919673363
K12_LPS_FC1_4	0.0	0.0	0.0030621392910557	0.0	0.958613860786739	0.038323999922205
T10_GARD_BATCH_2	0.0	0.0788853803437796	0.0071241214378082	0.0	0.780734491991439	0.133256006226973
K24_GARD_BATCH_2	0.0	0.0	0.0141144760660175	0.0	0.872968244125616	0.112917279808367
T106_GARD_BATCH_2	0.0	0.0149949396721966	0.0	0.0	0.985005060327803	0.0
T30_LPS_FC1_4	0.0	0.0464593689407465	0.0	0.0	0.92843293871666	0.0251076923425935
T12_CTL_FC1_4	0.0	0.0682695755007683	0.0	0.0	0.882927939635631	0.0488024848636005
T27_CTL_B_BATCH_2	0.0	0.0609632732864339	0.0	0.0	0.921814546213343	0.0172221805002232
T32_LPS_FC1_4	0.0	0.0138589481275342	0.0	0.0	0.940164238234889	0.0459768136375772
T109_LPS_FC1_4	0.0	0.103263943844451	0.0	0.0	0.886153245384935	0.0105828107706143
T73_CTL_FC1_4	0.0	0.0605716576669506	0.0	0.0	0.910970303833184	0.0284580384998652
T104_CTL_FC1_4	0.0	0.0124600685063029	0.0235218368819914	0.0	0.911637815417235	0.0523802791944708
K17_CTL_FC1_4	0.0	0.0	0.0301845412462063	0.0	0.91776001018524	0.0520554485685539
T3_GARD_BATCH_2	0.0	0.0	0.0	0.0	0.951558903148719	0.0484410968512806
K34_GARD_BATCH_2	0.0	0.0	0.0	0.0	0.968170641747114	0.0318293582528857
K23_LPS_FC1_4	0.0	0.0	0.0005303074539973	0.0	0.891699848663456	0.107769843882547
T80_CTL_FC1_4	0.121877440738905	0.0004620461913914	0.0657805347920202	0.0021205999667513	0.787655850816731	0.0221035274942007
K18_GARD_BATCH_2	0.0	0.0	0.0192355305763723	0.0	0.910994086795318	0.0697703826283097
T71_LPS_FC1_4	0.0	0.0242456150677702	0.0013972508456561	0.0	0.952200926227055	0.0221562078595187
K12_CTL_FC1_4	0.0	0.0	0.0169165234836192	0.0	0.922627789983305	0.0604556865330758
K33_LPS_FC1_4	0.0	0.0	0.0486032512639562	0.0	0.863274245798633	0.0881225029374107
T74_GARD_BATCH_2	0.0	0.14796024150004	0.0	0.0	0.846173551278799	0.0058662072211613
K26_GARD_BATCH_2	0.0	0.0057888092822461	0.0	0.0	0.893977498177026	0.100233692540728
K53_GARD_BATCH_2	0.0	0.124364643178359	0.0	0.0	0.808991228234138	0.0666441285875032
T109_GARD_BATCH_2	0.0	0.090105490402107	0.0	0.0	0.909894509597893	0.0
T76_CTL_FC1_4	0.0	0.0	0.0	0.0	0.972712706903129	0.0272872930968708
T36_LPS_FC5	0.0	0.0461500291327503	0.0	0.0	0.933631744685708	0.0202182261815412
K38_LPS_FC1_4	0.0	0.0	0.0	0.0	0.935830570211215	0.064169429788785
K18_CTL_FC1_4	0.136651661098723	0.0032502327754495	0.0589239007931529	0.0379126934893198	0.685214739141579	0.0780467727017756
K23_GARD_BATCH_2	0.0	0.0067843008423603	0.0	0.0	0.874569035687324	0.118646663470315
K30_GARD_BATCH_2	0.0	0.0	0.0008432960455415	0.0	0.89030768289655	0.108849021057909
T121_LPS_FC1_4	0.0027910858575283	0.0	0.0	0.0	0.969992004628002	0.0272169095144701
K8_LPS_FC1_4	0.0	0.0	0.0	0.0	0.944435512268077	0.0555644877319234
T10_CTL_FC1_4	0.0	0.0595684525874221	0.0	0.0	0.890117977838649	0.0503135695739288
T73_GARD_BATCH_2	0.0	0.0039522916208892	0.0023978792922853	0.0	0.963649784832455	0.0300000442543708
T36_CTL_FC1_4	0.0	0.172394863006959	0.0	0.0	0.802535897609367	0.0250692393836747
T72_LPS_FC1_4	0.0	0.0	0.0005994310743345	0.0	0.922727655453732	0.0766729134719331
K35_GARD_BATCH_2	0.0	0.0038149808627405	0.0	0.0	0.868672066286895	0.127512952850364
K6_GARD_BATCH_2	0.0	0.0551873355950671	0.0	0.0	0.922495670569172	0.0223169938357607
K44_CTL_FC1_4	0.0	0.0	0.0	0.0	0.956821503627529	0.0431784963724706
T8_LPS_FC1_4	0.0	0.0	0.0	0.0	0.999322309195167	0.0006776908048331
T28_GARD_BATCH_2	0.0	0.0265800659940999	0.0	0.0	0.943903902717921	0.0295160312879796
T13_CTL_FC1_4	0.0	0.112142594954923	0.0	0.0	0.887857405045077	0.0
T65_GARD_BATCH_2	0.0	0.0016249566161115	0.0006128314114513	0.0	0.927276864096241	0.0704853478761965
T32_CTL_FC1_4	0.0	0.105496019108733	0.0	0.0	0.858473576287623	0.0360304046036442
K29_GARD_BATCH_2	0.0	0.0	0.0	0.0	0.871753485907981	0.128246514092019
T46_CTL_FC1_4	0.0	0.0	0.0236658618702721	0.0	0.907041417546368	0.0692927205833603
T78_LPS_FC1_4	0.0	0.0	0.0	0.0	0.993698892471331	0.0063011075286687
T14_LPS_FC1_4	0.0	0.0	0.003915740751056	0.0	0.926316784463865	0.0697674747850786
K37_LPS_FC1_4	0.0	0.0461320223223392	0.0	0.0	0.85515888874404	0.0987090889336203
T80_LPS_FC5	0.0394335020731919	0.0	0.0559502969354722	0.0374846895876128	0.837215412755865	0.029916098647858
T28_LPS_FC1_4	0.0	0.0079814851201738	0.0	0.0	0.967177018087528	0.024841496792298
K11_CTL_FC1_4	0.0028271947638525	0.0	0.031449321748378	0.0	0.964987063436073	0.0007364200516964
T65_CTL_FC1_4	0.0417025838559657	0.0085879206632016	0.0239629688101364	0.0013335062626109	0.899242321807458	0.0251706986006274
K19_GARD_BATCH_2	0.0	0.0	0.0531573047769122	0.0	0.853917612601783	0.0929250826213051
K22_GARD_BATCH_2	0.0	0.0002284557662822	0.0022883144501032	0.0	0.909165285633827	0.088317944149787
T113_CTL_FC1_4	0.0	0.0684676277780802	0.0024494041753643	0.0	0.905348889340563	0.0237340787059927
T121_CTL_FC1_4	0.0	0.0	0.0	0.0	0.950425808965565	0.0495741910344355
T35_CTL_FC5	0.0	0.0338486902801823	0.0037384698175776	0.0	0.912640771358561	0.0497720685436786
T36_GARD_BATCH_2	0.0	0.177054102613129	0.0	0.0	0.813424431162354	0.0095214662245174
T102_LPS_FC1_4	0.0	0.0	0.0	0.0	1.0	0.0
T43_GARD_BATCH_2	0.0	0.0507755680984398	0.0	0.0	0.93421367367087	0.0150107582306905
T5_GARD_BATCH_2	0.0	0.0271994383636994	0.0017396528159311	0.0	0.907827410702699	0.06323349811767
T13_GARD_BATCH_2	0.0	0.0979191195550794	0.0	0.0	0.902080880444921	0.0
T113_GARD_BATCH_2	0.0	0.0580853196375057	0.0	0.0	0.937097894429403	0.0048167859330908
T70_GARD_BATCH_2	0.0	0.0270181094485283	0.0	0.0	0.916485275087025	0.0564966154644463
T18_CTL_FC1_4	0.0	0.0	0.0031152449766516	0.0	0.916592925662655	0.0802918293606936
T62_CTL_FC1_4	0.0	0.0325119588899729	0.0002090717405803	0.0	0.909117704856114	0.0581612645133327
K52_CTL_FC1_4	0.0	0.0427858553658413	0.001002151210043	0.0	0.886955532948272	0.0692564604758439
T84_CTL_FC5	0.0	0.0482271679556204	0.0	0.0	0.92033617324987	0.0314366587945095
T75_LPS_FC1_4	0.0	0.0	0.0	0.0	0.975443112057383	0.0245568879426172
T109_CTL_FC1_4	0.0	0.127979329319372	0.0	0.0	0.872020670680628	0.0
T18_GARD_BATCH_2	0.0	0.0	0.0105864343324466	0.0	0.883823387641103	0.10559017802645
K11_LPS_FC1_4	0.0	0.0	0.0	0.0	0.998337687171544	0.0016623128284562
T28_CTL_FC1_4	0.0	0.091056083733489	0.0	0.0	0.894057275250655	0.0148866410158558
T117_LPS_FC1_4	0.0	0.0	0.0	0.0	1.0	0.0
T47_CTL_FC1_4	0.0	0.0382593872102866	0.0	0.0	0.959670831199989	0.002069781589724
T27_CTL_FC1_4	0.0	0.0498094325785214	0.0	0.0	0.94459861718721	0.0055919502342681
K24_CTL_FC1_4	0.0	0.0	0.0333597843320998	0.0	0.870099228852717	0.0965409868151836
T34_LPS_FC1_4	0.0	0.0	0.0	0.0	0.990491338172991	0.0095086618270087
T47_GARD_BATCH_2	0.0	0.064035308028323	0.0	0.0	0.935964691971677	0.0
K27_CTL_FC1_4	0.0	0.0139094652065535	0.0	0.0	0.882845254472439	0.103245280321007
T72_GARD_BATCH_2	0.0	0.0606842039437037	0.0	0.0	0.867696704187748	0.0716190918685477
K22_CTL_FC1_4	0.0	0.0	0.0	0.0	0.923037603095855	0.0769623969041448
K13_GARD_BATCH_2	0.0	0.0178107650497322	0.0	0.0	0.982189234950268	0.0
K34_CTL_FC1_4	0.0	0.0	0.0	0.0	0.953418583816681	0.0465814161833189
T41_GARD_BATCH_2	0.0	0.0013702688361097	0.0161021111207731	0.0	0.880288105696117	0.102239514347
T106_LPS_FC1_4	0.0	0.0	0.0	0.0	1.0	0.0
K10_CTL_FC1_4	0.036959775909506	0.0	0.0023336387975784	0.0	0.960706585292916	0.0
T115_CTL_FC5	0.0	0.0563765625888654	0.0	0.0	0.934769437411256	0.008853999999879
K28_CTL_FC1_4	0.0	0.0273564065174159	0.0030340110402614	0.0	0.85287603761104	0.116733544831282
K15_GARD_BATCH_2	0.0	0.0	0.0237780155577002	0.0	0.896925965442105	0.079296019000195
T104_GARD_BATCH_2	0.0	0.0028181347744332	0.0063661818459726	0.0	0.943855954677083	0.0469597287025116
K28_GARD_BATCH_2	0.0	0.0	0.0283263917601732	0.0	0.855349966129294	0.116323642110533
T63_CTL_FC1_4	0.0	0.0668312676188336	0.0	0.0	0.933168732381166	0.0
K5_CTL_FC1_4	0.0	0.0	0.0	0.0	0.981801151677281	0.0181988483227188
T81_CTL_FC1_4	0.0	0.0	0.0259971281125408	0.0	0.904146127147599	0.0698567447398604
K14_LPS_FC1_4	0.0	0.0	0.0	0.0	0.939882585315865	0.0601174146841348
T7_CTL_FC1_4	0.0	0.0	0.0	0.0	0.922832525760252	0.0771674742397482
K30_LPS_FC1_4	0.0	0.0	0.0063191063322261	0.0	0.907912211371755	0.0857686822960187
K7_LPS_FC5	0.0	0.0	0.003030127286698	0.0	0.898080089653911	0.0988897830593908
T31_GARD_BATCH_2	0.0	0.0311722504309611	0.0	0.0	0.871399270973341	0.0974284785956983
T113_LPS_FC5	0.0	0.008267355298243	0.0012643545510988	0.0	0.980715699824335	0.0097525903263229
K53_CTL_FC5	0.0	0.172431224244924	0.0269288618279033	0.0	0.759746168683795	0.0408937452433771
K33_GARD_BATCH_2	0.0	0.0	0.0014386009246117	0.0	0.896929583129524	0.101631815945865
K17_GARD_BATCH_2	0.0	0.0	0.0019007721689253	0.0	0.95680448927324	0.0412947385578347
K27_LPS_FC1_4	0.0	0.0	0.0015563423948841	0.0	0.913454585382245	0.0849890722228713
K46_GARD_BATCH_2	0.0	0.0024579471719155	0.0168404984252684	0.0	0.888740270378902	0.0919612840239139
T102_CTL_FC1_4	0.0080574029295192	0.0304127468818503	0.05594057436125	0.0	0.860274523300372	0.0453147525270084
T12_LPS_FC1_4	0.0	0.0	0.0	0.0	0.94859253411171	0.0514074658882899
T75_GARD_BATCH_2	0.0	0.0415236947052512	0.0036179664640518	0.0	0.890895325115926	0.0639630137147713
T12_GARD_BATCH_2	0.0	0.045208867984816	0.0124058589842592	0.0	0.863063541055139	0.0793217319757856
K26_LPS_FC1_4	0.0	0.0	0.00033391073105	0.0	0.94021145531337	0.0594546339555797
T6_LPS_FC5	0.0	0.0	0.0022207346857219	0.0	0.993390222356496	0.0043890429577817
T64_CTL_FC1_4	0.0	0.0301112311121741	0.0091079751863064	0.0	0.93372882755336	0.0270519661481598
K38_CTL_BATCH_2	0.0	0.0377406561079914	0.0	0.0	0.911434705394783	0.0508246384972258
T110_GARD_BATCH_2	0.0	0.0	0.0308331894170741	0.0	0.865413748906388	0.103753061676537
K9_GARD_BATCH_2	0.0	0.0539072291334177	0.0	0.0	0.930276599018672	0.01581617184791
T79_CTL_FC1_4	0.0	0.0	0.0	0.0	0.960275849094331	0.0397241509056692
K8_GARD_BATCH_2	0.0	0.0	0.0004575227392662	0.0	0.93810121240439	0.0614412648563436
T84_GARD_BATCH_2	0.0	0.0239515003390076	0.0	0.0	0.957767241381822	0.0182812582791707
K19_LPS_FC1_4	0.0181279282276861	0.0	0.0986512072019167	0.0	0.837564880222754	0.0456559843476432
K50_LPS_FC5	0.133148713322814	0.0212389044147384	0.0306910073973731	0.0	0.746260451197716	0.0686609236673581
T27_LPS_FC1_4	0.0	0.0	0.0	0.0	0.983484842347019	0.016515157652981
T115_GARD_BATCH_2	0.0	0.0072505706506813	0.0	0.0	0.975517224246125	0.0172322051031941
K29_LPS_FC1_4	0.0	0.0	0.0	0.0	0.914838030818705	0.0851619691812951
T40_GARD_BATCH_2	0.0	0.115934825389402	0.0	0.0	0.836792476978823	0.0472726976317746
K30_CTL_BATCH_2	0.0	0.0020750634828317	0.0506299318660024	0.0	0.843258549506698	0.104036455144468
K46_CTL_FC1_4	0.0	0.0054553750273847	0.0	0.0	0.913479318206736	0.0810653067658788
T9_CTL_FC1_4	0.0	0.0277537170254765	0.0	0.0	0.952883945679869	0.0193623372946545
T76_LPS_FC1_4	0.0	0.0	0.0	0.0	0.970024892883701	0.0299751071162988
T77_LPS_FC1_4	0.0	0.0	0.0	0.0	0.999237958673673	0.0007620413263268
K32_GARD_BATCH_2	0.0	4.52969259146185e-05	0.0	0.0	0.906984649567017	0.0929700535070684
K38_CTL_FC1_4	0.0	0.06668140288265	0.0	0.0	0.869813438686529	0.0635051584308211
K26_CTL_FC1_4	0.0	0.0166588996068552	0.0013228769938999	0.0	0.900427151007285	0.0815910723919601
T14_CTL_FC1_4	0.0	0.0	0.0	0.0	0.931845908594572	0.0681540914054278
T28_CTL_BATCH_2	0.0	0.0594107490056554	0.0	0.0	0.906719494569198	0.0338697564251466
T10_LPS_FC1_4	0.0	0.0	0.0	0.0	0.937799151682917	0.0622008483170826
T8_CTL_FC1_4	0.0	0.0370025747006546	0.0	0.0	0.907201275225113	0.0557961500742322
K51_GARD_BATCH_2	0.0	0.0477174233006778	0.0	0.0	0.862952948762552	0.0893296279367701
T46_LPS_FC1_4	0.0	0.0	0.0	0.0	0.944040823041021	0.0559591769589793
K51_LPS_FC1_4	0.0	0.0	0.0030916839909583	0.0	0.953394165429011	0.0435141505800305
T72_CTL_FC1_4	0.0	0.069666871231331	0.0021999482433407	0.0	0.866385562027993	0.0617476184973352
K6_LPS_FC5	0.0	0.0850098680588938	0.0035519665394115	0.0	0.888434290119161	0.0230038752825333
T50_LPS_FC5	0.0	0.0092591031614298	0.0	0.0	0.961139456902487	0.0296014399360829
T81_GARD_BATCH_2	0.0	0.0	0.0	0.0	0.937243590273149	0.0627564097268506
T5_LPS_FC5	0.0	0.0	4.63543044883075e-05	0.0016580674845028	0.975098924626608	0.0231966535844012
T101_CTL_FC5	0.0	0.0078715321477493	0.0	0.0	0.992128467852251	0.0
K7_CTL_FC5	0.0	0.19787095804652	0.0	0.0	0.770330770439474	0.0317982715140063
T119_GARD_BATCH_2	0.0	0.0	0.0008128817877827	0.0	0.933536397932421	0.065650720279796
K46_LPS_FC1_4	0.0	0.0	0.0007987614076579	0.0	0.91820089359641	0.081000344995932
K15_CTL_FC1_4	0.0	0.0	0.0	0.0	0.924673445596093	0.0753265544039071
T6_GARD_BATCH_2	0.0	0.0	0.0	0.0	0.955368101908365	0.0446318980916347
K15_LPS_FC5	0.0	0.0	0.0037886134444507	0.0	0.911318134642724	0.0848932519128256
T15_LPS_FC1_4	0.0	0.0	0.0	0.0	0.934171607509784	0.065828392490216
T27_GARD_BATCH_2	0.0	0.0130161959465742	0.0	0.0	0.969927498507831	0.0170563055455947
T112_LPS_FC1_4	0.0	0.0362470462504812	0.0	0.0	0.928917676474649	0.0348352772748696
K49_LPS_FC1_4	0.0	0.0037438501674309	0.0	0.0	0.955059491308637	0.041196658523932
K30_CTL_FC1_4	0.0	0.0269741535884169	0.0126633984945405	0.0	0.847838430821189	0.112524017095854
T47_LPS_FC1_4	0.0	0.030631175870643	0.0	0.0	0.969368824129357	0.0
T6_CTL_FC5	0.0	0.0	0.0	0.0	0.993626510315356	0.0063734896846439
K51_CTL_FC1_4	0.0	0.0043626737889176	0.0	0.0	0.915849363332916	0.0797879628781669
T75_CTL_FC1_4	0.0	0.0862777002261312	0.0	0.0	0.859513264952685	0.0542090348211837
K32_CTL_FC1_4	0.0	0.0	0.0	0.0	0.927806043221086	0.0721939567789139
K22_LPS_FC1_4	0.0	0.0064231043892137	0.0002923393983228	0.0	0.944572193656353	0.0487123625561106
K27_GARD_BATCH_2	0.0	0.0253018992232428	0.0	0.0	0.882830084903781	0.091868015872976
T117_CTL_FC1_4	0.0	0.0262533473904305	0.0	0.0	0.972176088954005	0.0015705636555641
T71_GARD_BATCH_2	0.0	0.0635124966360915	0.0	0.0	0.931217598371965	0.0052699049919431
T3_CTL_FC1_4	0.0	0.0	0.0	0.0	0.966559732253639	0.033440267746361
T70_CTL_FC5	0.0	0.0877180619926216	7.89250049353354e-05	0.0	0.896642308484729	0.0155607045177138
T35_LPS_FC1_4	0.0	0.0	0.0	0.0	0.934422102300044	0.0655778976999561
T18_LPS_FC1_4	0.0	0.0	0.0	0.0027725889107918	0.935904496140343	0.0613229149488651
K31_GARD_BATCH_2	0.0	0.0	0.0	0.0	0.970744312794395	0.0292556872056054
K8_CTL_FC1_4	0.0	0.0	0.0428252465516015	0.0	0.898238039354002	0.0589367140943965
K47_CTL_FC1_4	0.0	0.0920176026019601	0.0	0.0020235139559199	0.885063786169006	0.0208950972731142
K14_CTL_FC1_4	0.0	0.0	0.0094900395567981	0.0	0.923175102841708	0.0673348576014935
T120_CTL_FC1_4	0.0	0.0	0.0123579705665633	0.0	0.959874407620701	0.0277676218127356
T112_CTL_FC1_4	0.0	0.12032260822076	0.0	0.0	0.84661058770907	0.03306680407017
T79_LPS_FC5	0.0	0.0	0.0	0.0	0.978452147905277	0.0215478520947225
T112_GARD_BATCH_2	0.0	0.132404755289132	0.0	0.0	0.850766026509698	0.0168292182011698
T101_LPS_FC1_4	0.0	0.0019590422680189	0.0	0.0	0.998040957731981	0.0
T46_GARD_BATCH_2	0.0	0.0	0.0	0.0	0.951463906646734	0.0485360933532662
T69_LPS_FC5	0.0	0.0	0.0	0.0	0.998070227458096	0.001929772541904
T70_LPS_FC1_4	0.0	0.0	0.0	0.0	0.956326493176467	0.0436735068235326
K10_GARD_BATCH_2	0.0	0.0	0.0040898504942632	0.0	0.995910149505737	0.0
K37_CTL_FC1_4	0.0	0.120996306216475	0.0036004746423091	0.0	0.775024291450843	0.100378927690373
T5_CTL_FC5	0.0	0.0	0.0019444072029785	0.0	0.958224471854086	0.0398311209429354
K53_LPS_FC1_4	0.0	0.0582357579441783	0.0142968474917253	0.0	0.843020975651008	0.0844464189130887
T120_LPS_FC5	0.0	0.0	0.017040818401727	0.0	0.966833620814655	0.0161255607836182
K7_GARD_BATCH_2	0.0	0.11450302776961	0.0	0.0	0.818523600430391	0.0669733717999984
K12_GARD_BATCH_2	0.0	0.0	0.0197639239222932	0.0	0.902908460340297	0.0773276157374096
T35_GARD_BATCH_2	0.0	0.0215302113661191	0.0025473841920645	0.0	0.909425992753208	0.0664964116886086
K50_CTL_FC1_4	0.0378185929423439	0.046569551246164	0.0015809831840282	0.0459339294255238	0.783048839316327	0.0850481038856134
