	Monocytes	Unknown	CD4Tcells	Bcells	NK	CD8Tcells
X2_D0	0.43899557	0.13623528	0.07807754	0.0	0.12958463	0.21710694
X4_D0	0.415248	0.12119714	0.041044198	0.0	0.17241152	0.25009906
X5_D0	0.49877217	0.11739668	0.08731446	0.0	0.121697135	0.1748195
X6_D0	0.47822005	0.12906985	0.059955034	0.0	0.12296968	0.2097854
X8_D0	0.42748764	0.12792188	0.099703014	0.0	0.12734734	0.21754014
X10_D0	0.43874782	0.12982866	0.09752586	0.0	0.12545422	0.2084435
X11_D0	0.4493812	0.13183539	0.097062126	0.0	0.11277103	0.20895025
X12_D0	0.4598882	0.13667473	0.06579728	0.0	0.120399185	0.2172406
X13_D0	0.49341205	0.14767703	0.114408836	0.0	0.09550989	0.14899217
X14_D0	0.4273339	0.1451855	0.094596036	0.0	0.13127673	0.2016078
X15_D0	0.45917422	0.12542012	0.09686475	0.0	0.12239692	0.19614397
X19_D0	0.47618398	0.14301795	0.029664036	0.0	0.15537886	0.19575515
X20_D0	0.43696526	0.12067056	0.094924696	0.0	0.13350512	0.21393433
X23_D0	0.4306502	0.13222302	0.09837199	0.0	0.11958465	0.21917011
X24_D0	0.46189803	0.1263176	0.16170457	0.0	0.08391405	0.16616581
X27_D0	0.50322443	0.112325564	0.06624651	0.0	0.119116664	0.1990868
X29_D0	0.474499	0.13961256	0.06271467	0.0	0.12082024	0.20235348
X31_D0	0.40666354	0.12509388	0.09040892	0.0	0.13513634	0.24269734
X32_D0	0.43358296	0.14338468	0.08813519	0.0	0.124245375	0.21065176
X33_D0	0.43063956	0.14125484	0.05503347	0.0	0.14938442	0.22368777
X35_D0	0.4154706	0.13322276	0.06367148	0.0	0.1515075	0.23612767
X36_D0	0.5003627	0.12612225	0.09327151	0.0	0.11083116	0.16941229
X38_D0	0.42704678	0.13900462	0.070012406	0.0	0.13631107	0.22762507
X39_D0	0.47881234	0.13297209	0.08727142	0.0	0.121520706	0.1794234
X40_D0	0.4366872	0.12171488	0.109827995	0.0	0.12311488	0.20865509
X42_D0	0.43643805	0.12748095	0.07084067	0.0	0.14040723	0.22483312
X44_D0	0.47729123	0.15296726	0.05412041	0.0	0.13514872	0.18047239
X45_D0	0.49373692	0.13849834	0.056332905	0.0	0.12120504	0.19022685
X46_D0	0.47024196	0.1280626	0.056917913	0.0	0.14139937	0.20337814
X48_D0	0.45000255	0.13135539	0.08419712	0.0	0.14092083	0.19352408
X49_D0	0.47330418	0.11553303	0.047787655	0.0	0.1495803	0.21379486
X50_D0	0.4652173	0.12683356	0.110460125	0.0	0.09935612	0.19813293
X51_D0	0.4468922	0.122668505	0.12370173	0.0	0.09626737	0.21047023
X52_D0	0.44578922	0.12454862	0.12102421	0.0	0.10250413	0.20613387
X53_D0	0.45507234	0.11843279	0.11882808	0.0	0.090003565	0.21766317
X54_D0	0.4322399	0.123538464	0.11452507	0.0	0.09659378	0.2331028
X55_D0	0.45724374	0.14343598	0.0983289	0.0	0.10505638	0.19593503
X56_D0	0.4585752	0.13240737	0.091233835	0.0	0.12461244	0.19317123
X57_D0	0.4395078	0.13033873	0.105346374	0.0	0.11134295	0.21346416
X58_D0	0.514587	0.11979626	0.09120954	0.0	0.095085844	0.17932138
X59_D0	0.43389395	0.13776821	0.074980326	0.0	0.13866621	0.21469127
X60_D0	0.41974685	0.11827786	0.10880478	0.0	0.12272053	0.23045006
X62_D0	0.41161332	0.13684131	0.079705656	0.0	0.14197181	0.22986795
X63_D0	0.47887594	0.13157238	0.07689824	0.0	0.12185126	0.19080225
X64_D0	0.47259486	0.13320404	0.08092238	0.0	0.11935122	0.19392754
X67_D0	0.4502277	0.13575558	0.08411172	0.0	0.13135758	0.19854736
X68_D0	0.49940827	0.15407066	0.06944122	0.0	0.09907813	0.17800175
X69_D0	0.41260025	0.12673263	0.11190628	0.0	0.1159315	0.23282935
X70_D0	0.48836407	0.1505218	0.09771939	0.0	0.09764448	0.16575016
X71_D0	0.45451662	0.13355963	0.08835542	0.0	0.11995528	0.20361307
X73_D0	0.45176235	0.14188607	0.10259064	0.0	0.09736963	0.2063913
X74_D0	0.46377307	0.1324028	0.101084396	0.0	0.10425407	0.19848564
X75_D0	0.4668638	0.14456865	0.09405963	0.0	0.09906343	0.19544446
X76_D0	0.42232358	0.114761315	0.0930939	0.0	0.12019781	0.24962339
X77_D0	0.46787673	0.14941508	0.07472107	0.0	0.11277544	0.19521165
X78_D0	0.52829534	0.15172686	0.06346895	0.0	0.09588304	0.1606258
X79_D0	0.46547386	0.14950737	0.093876705	0.0	0.11082045	0.18032166
X80_D0	0.4347399	0.12713364	0.11437661	0.0	0.10990947	0.21384037
X81_D0	0.44180766	0.13085942	0.12883331	0.0	0.090367585	0.20813198
X83_D0	0.4299482	0.13580921	0.114561066	0.0	0.10165922	0.21802233
X84_D0	0.47253108	0.14564966	0.07569152	0.0	0.11256473	0.193563
X85_D0	0.45958522	0.1315478	0.093763195	0.0	0.116520464	0.1985833
X86_D0	0.41008276	0.13894747	0.10099493	0.0	0.1264068	0.2235681
X87_D0	0.45843545	0.15317963	0.05634432	0.0	0.13112433	0.20091626
X90_D0	0.49482414	0.13751712	0.07242207	0.0	0.12221706	0.17301959
X91_D0	0.4876629	0.13481918	0.09855084	0.0	0.11063454	0.16833249
X92_D0	0.48123422	0.14041805	0.07134551	0.0	0.12111908	0.1858831
X93_D0	0.45586714	0.15427455	0.08781255	0.0	0.12155559	0.18049018
X94_D0	0.4889851	0.13832784	0.08485219	0.0	0.112780094	0.17505483
X95_D0	0.34409946	0.1424414	0.049072642	0.0	0.17925781	0.28512868
X96_D0	0.45308107	0.12478405	0.07831408	0.0	0.14930415	0.19451657
X99_D0	0.47937647	0.121701114	0.06923082	0.0	0.130099	0.19959265
X100_D0	0.43313897	0.13503811	0.063655026	0.0	0.14621913	0.22194871
X102_D0	0.45667934	0.13709633	0.068502866	0.0	0.13310984	0.20461163
X104_D0	0.5081155	0.12979482	0.05455032	0.0	0.11838271	0.18915665
X105_D0	0.48412195	0.13920829	0.07432649	0.0	0.12396488	0.17837834
X107_D0	0.47384527	0.13785823	0.07737625	0.0	0.11732409	0.19359617
X108_D0	0.43146646	0.13833766	0.09663329	0.0	0.117832296	0.21573031
X116_D0	0.48911327	0.13452809	0.0765135	0.0	0.124942936	0.17490219
X118_D0	0.45224175	0.1293013	0.08075989	0.0	0.12817454	0.20952256
X119_D0	0.44900724	0.13503522	0.08913285	0.0	0.13066569	0.19615905
X122_D0	0.489435	0.13621815	0.05645214	0.0	0.12993893	0.18795578
X123_D0	0.51839274	0.12993746	0.057501454	0.0	0.11143411	0.18273427
X124_D0	0.41704634	0.13328676	0.085347496	0.0	0.13505735	0.22926213
X125_D0	0.4904527	0.14135186	0.06633702	0.0	0.11417889	0.1876795
X126_D0	0.46777642	0.1345099	0.04606686	0.0	0.13253959	0.21910727
X128_D0	0.53227556	0.12806498	0.08817346	0.0	0.099440545	0.15204556
X129_D0	0.4764142	0.12895167	0.09324516	0.0	0.11988059	0.18150829
X132_D0	0.4512674	0.12854995	0.08082157	0.0	0.13324775	0.20611322
X135_D0	0.4279868	0.14256124	0.09938719	0.0	0.12216295	0.20790185
X136_D0	0.43635318	0.14509389	0.08423665	0.0	0.130402	0.2039143
X137_D0	0.49317023	0.12693352	0.08655581	0.0	0.10596068	0.18737975
X138_D0	0.5283561	0.12376284	0.09297226	0.0	0.08875775	0.16615099
X139_D0	0.43182322	0.13547093	0.10139317	0.0	0.12063694	0.21067567
X142_D0	0.44706964	0.14027946	0.08445412	0.0	0.12449027	0.20370647
X143_D0	0.44555438	0.12952936	0.09550391	0.0	0.12147897	0.20793332
X144_D0	0.47014427	0.13344619	0.0767152	0.0	0.116338365	0.20335598
X145_D0	0.5244701	0.12939063	0.054747123	0.0	0.12215189	0.1692403
X146_D0	0.43492806	0.1451387	0.07299241	0.0	0.13025597	0.21668491
X147_D0	0.48349765	0.14264543	0.08624434	0.0	0.10644145	0.18117116
X149_D0	0.42721498	0.13749935	0.070123084	0.0	0.14443868	0.22072397
X150_D0	0.43640506	0.1363879	0.0820014	0.0	0.1370829	0.20812273
X152_D0	0.47271025	0.11343682	0.07618038	0.0	0.13459934	0.20307325
X153_D0	0.4933238	0.12053875	0.11102852	0.0	0.10878535	0.1663236
X154_D0	0.4985715	0.12541091	0.06346318	0.0	0.11448998	0.19806442
X155_D0	0.49128625	0.13229619	0.06089177	0.0	0.1288341	0.1866917
X160_D0	0.45101848	0.12364736	0.07823727	0.0	0.13815619	0.20894067
X161_D0	0.45938066	0.1250934	0.11157184	0.0	0.110598914	0.19335523
X165_D0	0.4926033	0.12518084	0.068840906	0.0	0.1303908	0.18298413
X167_D0	0.45882106	0.11994593	0.1441346	0.0	0.10451614	0.17258228
X168_D0	0.48778012	0.12222242	0.10165204	0.0	0.10982176	0.17852364
X169_D0	0.47051564	0.14912923	0.06702257	0.0	0.12140507	0.19192754
X170_D0	0.43386224	0.12403604	0.057482947	0.0	0.14217006	0.24244872
X171_D0	0.50450194	0.12997614	0.07582184	0.0	0.12274136	0.16695864
X172_D0	0.4796765	0.11642634	0.077581376	0.0	0.12194491	0.20437086
X173_D0	0.4703718	0.10990924	0.1283038	0.0	0.09974599	0.19166912
X174_D0	0.45755374	0.13165724	0.11744826	0.0	0.1103669	0.18297379
X175_D0	0.4168537	0.12127008	0.10017329	0.0	0.14328061	0.21842231
X179_D0	0.47134808	0.13065621	0.05767094	0.0	0.1382479	0.20207682
X181_D0	0.43528572	0.11884741	0.10346442	0.0	0.1268659	0.21553656
X182_D0	0.4476515	0.1296512	0.093741365	0.0	0.13621722	0.19273871
X183_D0	0.43738368	0.14381205	0.080076225	0.0	0.13646547	0.20226261
X184_D0	0.47855875	0.124184854	0.07613745	0.0	0.12353696	0.19758205
X186_D0	0.44440886	0.12768874	0.04163353	0.0	0.16679649	0.2194723
X187_D0	0.41571033	0.12936908	0.06630143	0.0	0.15035681	0.23826233
X189_D0	0.47060272	0.12863508	0.098460875	0.0	0.118363515	0.18393788
X190_D0	0.4226455	0.13827176	0.079713285	0.0	0.13330115	0.22606833
X191_D0	0.46458143	0.13155709	0.11266543	0.0	0.11701283	0.17418322
X194_D0	0.45766833	0.13760737	0.07294342	0.0	0.1277453	0.2040356
X195_D0	0.47633004	0.13732503	0.10368963	0.0	0.10680446	0.17585082
X196_D0	0.4203625	0.1220856	0.07471537	0.0	0.1390081	0.24382842
X197_D0	0.46034276	0.1330178	0.09622236	0.0	0.11355512	0.19686188
X199_D0	0.44985226	0.14056075	0.10724807	0.0	0.11357203	0.18876693
X200_D0	0.4175756	0.13632569	0.09580764	0.0	0.13481534	0.2154757
X201_D0	0.41706976	0.13031672	0.08937411	0.0	0.13235667	0.23088278
X202_D0	0.4580168	0.14077377	0.08875137	0.0	0.12198215	0.1904759
X203_D0	0.4084783	0.13008639	0.07314028	0.0	0.14382403	0.244471
X204_D0	0.4276921	0.124262296	0.07660673	0.0	0.14046083	0.23097806
X205_D0	0.4938854	0.12550221	0.09380759	0.0	0.11159699	0.17520785
X206_D0	0.44884264	0.1260719	0.11767857	0.0	0.11347081	0.19393605
X208_D0	0.43721417	0.13880828	0.08101801	0.0	0.13723736	0.2057221
X209_D0	0.46870565	0.13226351	0.023551075	0.0	0.1392936	0.23618619
X210_D0	0.4718255	0.1178999	0.108846195	0.0	0.11874945	0.18267891
X213_D0	0.4843324	0.13434315	0.10495444	0.0	0.10315376	0.17321622
X214_D0	0.4581728	0.13168922	0.035126965	0.0	0.14838783	0.22662315
X215_D0	0.47227457	0.12327723	0.08331117	0.0	0.1157984	0.20533867
X217_D0	0.45001394	0.13007092	0.0572231	0.0	0.14717986	0.21551225
X218_D0	0.43640238	0.120793626	0.06495096	0.0	0.13708955	0.24076346
X219_D0	0.44905895	0.11895185	0.07754794	0.0	0.13915955	0.21528165
X222_D0	0.44839144	0.12510304	0.09354426	0.0	0.13817298	0.19478819
X223_D0	0.4495379	0.12436695	0.010582189	0.0	0.1511937	0.2643193
X225_D0	0.45476788	0.13906336	0.08149879	0.0	0.12322209	0.20144778
X226_D0	0.4335865	0.1307164	0.088232994	0.0	0.124444045	0.22302009
X228_D0	0.40779963	0.118803695	0.06265926	0.0	0.16424647	0.2464909
X230_D0	0.4530867	0.13863868	0.097564444	0.0	0.1223952	0.18831497
X231_D0	0.45439172	0.14584473	0.055628173	0.0	0.15332271	0.19081266
X232_D0	0.52075154	0.133663	0.07570327	0.0	0.115292355	0.15458974
X233_D0	0.379583	0.12575787	0.042415086	0.0	0.17163886	0.2806052
X234_D0	0.4221003	0.13271753	0.06445271	0.0	0.1516605	0.22906889
X236_D0	0.4411791	0.1530759	0.11453024	0.0	0.10681642	0.18439832
X237_D0	0.47167256	0.13168466	0.11233845	0.0	0.10435895	0.17994538
X238_D0	0.4317904	0.11529497	0.07700589	0.0	0.13085967	0.2450491
X239_D0	0.46978542	0.12485696	0.07525466	0.0	0.124088384	0.2060147
X240_D0	0.48671466	0.12378176	0.08141842	0.0	0.118466645	0.18961851
